HOST,PUBLISHER_APP_INITIALIZATION,SUBSCRIBER_APP_INITIALIZATION_START,SUBSCRIBER_APP_INITIALIZATION_END,GENERATE_OFFER_NONCE_START,GENERATE_OFFER_NONCE_END,FIND_SEND,FIND_RECEIVE,OFFER_SEND,OFFER_RECEIVE,SVCB_SERVICE_REQUEST_SEND,SVCB_SERVICE_REQUEST_RECEIVE,SVCB_SERVICE_RESPONSE_SEND,SVCB_SERVICE_RESPONSE_RECEIVE,VALIDATE_OFFER_START,VALIDATE_OFFER_END,CLIENT_SIGN_START,CLIENT_SIGN_END,SUBSCRIBE_SEND,SUBSCRIBE_RECEIVE,SVCB_CLIENT_REQUEST_SEND,SVCB_CLIENT_REQUEST_RECEIVE,SVCB_CLIENT_RESPONSE_SEND,SVCB_CLIENT_RESPONSE_RECEIVE,TLSA_CLIENT_REQUEST_SEND,TLSA_CLIENT_REQUEST_RECEIVE,TLSA_CLIENT_RESPONSE_SEND,TLSA_CLIENT_RESPONSE_RECEIVE,VERIFY_CLIENT_SIGNATURE_START,VERIFY_CLIENT_SIGNATURE_END,SERVICE_SIGN_START,SERVICE_SIGN_END,SUBSCRIBE_ACK_SEND,SUBSCRIBE_ACK_RECEIVE,TLSA_SERVICE_REQUEST_SEND,TLSA_SERVICE_REQUEST_RECEIVE,TLSA_SERVICE_RESPONSE_SEND,TLSA_SERVICE_RESPONSE_RECEIVE,VERIFY_SERVICE_SIGNATURE_START,VERIFY_SERVICE_SIGNATURE_END
167772162,0,1707495382061958888,1707495382063191420,0,0,1707495382141978310,0,0,1707495382144636651,1707495382067828454,0,0,1707495382068531168,1707495382068551207,1707495382144664949,1707495382147898197,1707495382149915192,1707495382149918251,1707495382150015933,1707495382150022714,0,0,1707495382150088810,1707495382150098622,0,0,1707495382150224842,1707495382150309244,1707495382150449883,1707495382150467957,1707495382151242106,1707495382151242764,1707495382152285174,1707495382068553661,0,0,1707495382069158882,1707495382070476141,1707495382152641483
167772163,0,1707495382061958583,1707495382063195646,0,0,1707495382115001686,0,0,1707495382126666434,1707495382066120584,0,0,1707495382068491937,1707495382068528039,1707495382126678020,1707495382129775078,1707495382130866064,1707495382130870061,1707495382130923162,1707495382130932651,0,0,1707495382131107493,1707495382131119420,0,0,1707495382131375624,1707495382131506477,1707495382131741843,1707495382131763392,1707495382132661860,1707495382132662767,1707495382134544185,1707495382068533863,0,0,1707495382069060992,1707495382070514240,1707495382134722040
167772164,0,1707495382061958802,1707495382063194279,0,0,1707495382158016771,0,0,1707495382160041932,1707495382066109564,0,0,1707495382068900684,1707495382068931067,1707495382160053641,1707495382163159348,1707495382163968576,1707495382163970409,1707495382164069442,1707495382164080697,0,0,1707495382164195956,1707495382164209710,0,0,1707495382164387550,1707495382164507876,1707495382164733489,1707495382164758140,1707495382165835239,1707495382165835950,1707495382167700744,1707495382068933466,0,0,1707495382072853404,1707495382074258495,1707495382168028063
167772165,0,1707495382061958670,1707495382063191424,0,0,1707495382129576982,0,0,1707495382129972222,1707495382069052224,0,0,1707495382071577639,1707495382071619625,1707495382129980219,1707495382133062339,1707495382134181353,1707495382134186170,1707495382136553460,1707495382136561084,0,0,1707495382136713074,1707495382136722247,0,0,1707495382136875516,1707495382136949216,1707495382137086300,1707495382137399617,1707495382138239485,1707495382138240223,1707495382138285413,1707495382071627384,0,0,1707495382073218616,1707495382074241342,1707495382138465059
167772166,0,1707495382061958476,1707495382063470201,0,0,1707495382108702867,0,0,1707495382110630986,1707495382069257425,0,0,1707495382070916010,1707495382070968503,1707495382110653062,1707495382113865360,1707495382116320943,1707495382116330129,1707495382123017180,1707495382123033141,0,0,1707495382123929669,1707495382123946800,0,0,1707495382125720858,1707495382125961886,1707495382126386128,1707495382126487573,1707495382127626207,1707495382127627668,1707495382127746809,1707495382070974054,0,0,1707495382072921623,1707495382074192980,1707495382127982156
167772167,0,1707495382061958953,1707495382063191415,0,0,1707495382086707997,0,0,1707495382087971814,1707495382068082614,0,0,1707495382072115032,1707495382072146519,1707495382087990132,1707495382091274804,1707495382093683064,1707495382093691184,1707495382094113867,1707495382094126705,0,0,1707495382094210758,1707495382094224371,0,0,1707495382094422726,1707495382094614821,1707495382094853851,1707495382096558843,1707495382099203982,1707495382099205926,1707495382099513441,1707495382072151812,0,0,1707495382073040045,1707495382074346634,1707495382099905820
167772168,0,1707495382064718989,1707495382069961865,0,0,1707495382164981607,0,0,1707495382167690694,1707495382070533094,0,0,1707495382073119718,1707495382073136445,1707495382167710495,1707495382170819477,1707495382172025762,1707495382172028691,1707495382172084076,1707495382172089627,0,0,1707495382172167277,1707495382172179248,0,0,1707495382172305291,1707495382172421075,1707495382172648746,1707495382172681856,1707495382173466920,1707495382173467409,1707495382173510370,1707495382073139019,0,0,1707495382074378984,1707495382075561109,1707495382173692780
167772169,0,1707495382061958617,1707495382063195185,0,0,1707495382086482383,0,0,1707495382087381320,1707495382066042894,0,0,1707495382068488180,1707495382068528105,1707495382087402767,1707495382090596042,1707495382091647042,1707495382091652871,1707495382092628231,1707495382092640923,0,0,1707495382093000573,1707495382093017638,0,0,1707495382093263462,1707495382093669261,1707495382094033433,1707495382094084488,1707495382096377427,1707495382096380363,1707495382096996382,1707495382068532680,0,0,1707495382069218685,1707495382070563591,1707495382097394888
167772170,0,1707495382068841363,1707495382070052050,0,0,1707495382156549542,0,0,1707495382159512644,1707495382071758856,0,0,1707495382072995689,1707495382073019940,1707495382159524479,1707495382162646586,1707495382164894829,1707495382164901157,1707495382165868285,1707495382165878143,0,0,1707495382166021579,1707495382166037833,0,0,1707495382166312133,1707495382166449018,1707495382166702889,1707495382166850757,1707495382167888245,1707495382167888913,1707495382169574805,1707495382073023040,0,0,1707495382074332766,1707495382075561680,1707495382169791364
167772171,0,1707495382069870790,1707495382071235090,0,0,1707495382082615930,0,0,1707495382083662428,1707495382072852085,0,0,1707495382074250956,1707495382074270177,1707495382083686124,1707495382087479531,1707495382088569839,1707495382088576348,1707495382088799254,1707495382088825057,0,0,1707495382089249175,1707495382089291200,0,0,1707495382089705592,1707495382092205702,1707495382092438226,1707495382092485634,1707495382093763802,1707495382093766555,1707495382095188357,1707495382074272987,0,0,1707495382076121280,1707495382078041730,1707495382095499569
167772172,0,1707495382068977327,1707495382070044480,0,0,1707495382162582901,0,0,1707495382163031908,1707495382071014705,0,0,1707495382072626085,1707495382072651003,1707495382163043886,1707495382166145110,1707495382167575302,1707495382167579716,1707495382170508915,1707495382170516125,0,0,1707495382170611602,1707495382170621175,0,0,1707495382170710382,1707495382170782870,1707495382170983475,1707495382171308506,1707495382172557289,1707495382172558128,1707495382172697437,1707495382072654384,0,0,1707495382074334954,1707495382075711610,1707495382173016564
167772173,0,1707495382068841712,1707495382070104875,0,0,1707495382160555830,0,0,1707495382160991067,1707495382071473845,0,0,1707495382072626138,1707495382072648499,1707495382161003386,1707495382164095417,1707495382165167033,1707495382165169698,1707495382166828655,1707495382166840272,0,0,1707495382166995333,1707495382167020407,0,0,1707495382167228485,1707495382167349617,1707495382167584501,1707495382167914484,1707495382168802928,1707495382168803460,1707495382170334359,1707495382072653542,0,0,1707495382074106874,1707495382075418011,1707495382170523665
167772174,0,1707495382069787665,1707495382071229140,0,0,1707495382161009606,0,0,1707495382161521897,1707495382072172087,0,0,1707495382073963142,1707495382073984393,1707495382161536143,1707495382164869250,1707495382166771781,1707495382166778168,1707495382168822395,1707495382168830414,0,0,1707495382168898726,1707495382168909431,0,0,1707495382169219458,1707495382169332184,1707495382169499542,1707495382169709413,1707495382170486149,1707495382170486791,1707495382171334832,1707495382073987775,0,0,1707495382074401658,1707495382075636783,1707495382171640166
167772175,0,1707495382074420171,1707495382075481865,0,0,1707495382091024150,0,0,1707495382095103289,1707495382076181289,0,0,1707495382076440996,1707495382076459914,1707495382095123456,1707495382099447728,1707495382102167778,1707495382102178418,1707495382102615235,1707495382102636839,0,0,1707495382102859520,1707495382102877704,0,0,1707495382103188965,1707495382103344956,1707495382103704465,1707495382104113845,1707495382106865815,1707495382106870715,1707495382107529146,1707495382076462967,0,0,1707495382076630466,1707495382078041068,1707495382107920860
167772176,0,1707495382071830675,1707495382073796919,0,0,1707495382118321156,0,0,1707495382127590309,1707495382074259620,0,0,1707495382074452243,1707495382074465224,1707495382127608531,1707495382130760391,1707495382131618916,1707495382131622815,1707495382131769321,1707495382131778827,0,0,1707495382131870093,1707495382131880399,0,0,1707495382131982489,1707495382132062638,1707495382132287213,1707495382132694304,1707495382133907709,1707495382133908924,1707495382135567801,1707495382074468002,0,0,1707495382074685014,1707495382076006043,1707495382135761432
167772177,0,1707495382073223998,1707495382074690599,0,0,1707495382092127081,0,0,1707495382096812998,1707495382075140323,0,0,1707495382075466721,1707495382075484713,1707495382096841922,1707495382100058344,1707495382102414924,1707495382102423162,1707495382104267180,1707495382104285393,0,0,1707495382105589234,1707495382105610544,0,0,1707495382106184111,1707495382106408307,1707495382106821883,1707495382106971274,1707495382109470268,1707495382109472050,1707495382110620952,1707495382075561687,0,0,1707495382076068329,1707495382077443662,1707495382111026673
167772178,0,1707495382080390536,1707495382081633383,0,0,1707495382142381200,0,0,1707495382144995994,1707495382082611776,0,0,1707495382083705664,1707495382083718519,1707495382145007111,1707495382148180474,1707495382149019666,1707495382149021369,1707495382149077337,1707495382149085889,0,0,1707495382149161865,1707495382149169400,0,0,1707495382149268989,1707495382149354759,1707495382149511935,1707495382149531307,1707495382150358083,1707495382150358910,1707495382150409945,1707495382083720891,0,0,1707495382083923191,1707495382085177485,1707495382150608013
167772179,0,1707495382080378746,1707495382081633291,0,0,1707495382161346352,0,0,1707495382161646842,1707495382082339469,0,0,1707495382082940250,1707495382082962328,1707495382161660454,1707495382164798789,1707495382165749567,1707495382165752399,1707495382167915769,1707495382167924490,0,0,1707495382168005253,1707495382168018362,0,0,1707495382168161797,1707495382168252340,1707495382168475693,1707495382168823164,1707495382169685661,1707495382169686219,1707495382171070104,1707495382082965428,0,0,1707495382083395623,1707495382084811811,1707495382171371461
167772180,0,1707495382079455432,1707495382080415207,0,0,1707495382111022756,0,0,1707495382119797053,1707495382081267387,0,0,1707495382082688684,1707495382082723370,1707495382119835207,1707495382123130870,1707495382124324663,1707495382124334954,1707495382126664082,1707495382126677228,0,0,1707495382126842370,1707495382126858603,0,0,1707495382127206952,1707495382127312089,1707495382127471896,1707495382127668740,1707495382129544011,1707495382129545047,1707495382129682615,1707495382082726744,0,0,1707495382083584716,1707495382085543833,1707495382129908179
167772181,0,1707495382081166425,1707495382082652079,0,0,1707495382151214936,0,0,1707495382152337150,1707495382083294128,0,0,1707495382084450944,1707495382084469341,1707495382152349384,1707495382155478031,1707495382156357996,1707495382156364243,1707495382157070850,1707495382157087527,0,0,1707495382157176323,1707495382157188379,0,0,1707495382157285538,1707495382157369590,1707495382157623732,1707495382157742984,1707495382159095337,1707495382159096292,1707495382160094307,1707495382084472923,0,0,1707495382084984125,1707495382086517113,1707495382160309414
167772182,0,1707495382079760660,1707495382080755107,0,0,1707495382144345909,0,0,1707495382145487605,1707495382082862295,0,0,1707495382084127084,1707495382084144046,1707495382145499170,1707495382148621986,1707495382150519279,1707495382150523844,1707495382150595152,1707495382150606368,0,0,1707495382150793331,1707495382150800899,0,0,1707495382150891405,1707495382151002802,1707495382151139859,1707495382151267481,1707495382152211684,1707495382152212548,1707495382152305835,1707495382084147350,0,0,1707495382084756588,1707495382088983472,1707495382152599008
167772183,0,1707495382083760045,1707495382084831490,0,0,1707495382104268053,0,0,1707495382109597778,1707495382087470685,0,0,1707495382087833467,1707495382087849883,1707495382109616570,1707495382112868874,1707495382115200023,1707495382115207598,1707495382120545489,1707495382120573269,0,0,1707495382120853081,1707495382120898138,0,0,1707495382121789526,1707495382122249655,1707495382122666691,1707495382122864095,1707495382125351001,1707495382125355160,1707495382127660887,1707495382087853156,0,0,1707495382088164921,1707495382089712910,1707495382127951353
167772184,0,1707495382084299064,1707495382085258015,0,0,1707495382165767392,0,0,1707495382169615104,1707495382086470202,0,0,1707495382088419709,1707495382088438154,1707495382169625475,1707495382172701435,1707495382173513241,1707495382173515316,1707495382173572897,1707495382173581844,0,0,1707495382173655956,1707495382173667152,0,0,1707495382173802226,1707495382173883667,1707495382174016355,1707495382174957919,1707495382175723703,1707495382175724290,1707495382175774645,1707495382088442132,0,0,1707495382089483643,1707495382090970196,1707495382175945995
167772185,0,1707495382084681659,1707495382085753693,0,0,1707495382100391362,0,0,1707495382101897490,1707495382086578590,0,0,1707495382087568956,1707495382087589363,1707495382101924024,1707495382105334871,1707495382107749088,1707495382107759479,1707495382108121089,1707495382108140758,0,0,1707495382108294567,1707495382108319425,0,0,1707495382108572251,1707495382109347623,1707495382109671588,1707495382109805130,1707495382112439668,1707495382112442260,1707495382116872485,1707495382087592716,0,0,1707495382087902349,1707495382089361986,1707495382117186497
167772186,0,1707495382083801679,1707495382084826928,0,0,1707495382124256403,0,0,1707495382127741467,1707495382085754338,0,0,1707495382086183310,1707495382086222678,1707495382127751242,1707495382130829214,1707495382132190453,1707495382132193387,1707495382135587734,1707495382135594716,0,0,1707495382135665217,1707495382135675392,0,0,1707495382135956650,1707495382136088455,1707495382136232019,1707495382136557528,1707495382137373094,1707495382137373763,1707495382137441261,1707495382086227981,0,0,1707495382086773942,1707495382088457788,1707495382137610402
167772187,0,1707495382088345840,1707495382089605811,0,0,1707495382144525153,0,0,1707495382145468765,1707495382089986966,0,0,1707495382091673403,1707495382091695787,1707495382145480326,1707495382148617077,1707495382150581543,1707495382150586260,1707495382151267603,1707495382151273868,0,0,1707495382151379404,1707495382151386978,0,0,1707495382151731704,1707495382151848248,1707495382152061918,1707495382152243368,1707495382153022158,1707495382153023025,1707495382153099963,1707495382091700817,0,0,1707495382092091464,1707495382093477848,1707495382153283552
167772188,0,1707495382090248819,1707495382091511838,0,0,1707495382180955384,0,0,1707495382181239009,1707495382092468258,0,0,1707495382092806468,1707495382092824262,1707495382181248747,1707495382184353310,1707495382186601367,1707495382186605059,1707495382187283629,1707495382187292612,0,0,1707495382187371813,1707495382187429457,0,0,1707495382187703722,1707495382187815671,1707495382188067773,1707495382188483520,1707495382189512001,1707495382189513436,1707495382190428591,1707495382092827662,0,0,1707495382093056741,1707495382094247635,1707495382190619089
167772189,0,1707495382088819927,1707495382090641126,0,0,1707495382101608497,0,0,1707495382102760756,1707495382091368367,0,0,1707495382091671942,1707495382091696546,1707495382102781004,1707495382109026889,1707495382110772768,1707495382110785471,1707495382110899947,1707495382110918728,0,0,1707495382111040429,1707495382111057950,0,0,1707495382112129219,1707495382114112470,1707495382116698186,1707495382116842287,1707495382119260344,1707495382119262925,1707495382122926362,1707495382091700014,0,0,1707495382092050458,1707495382093626390,1707495382123243357
167772190,0,1707495382087841564,1707495382088883601,0,0,1707495382103567965,0,0,1707495382108187588,1707495382089596855,0,0,1707495382090067433,1707495382090353092,1707495382108218491,1707495382111751929,1707495382114348661,1707495382114359344,1707495382117031497,1707495382117049942,0,0,1707495382117319205,1707495382117336590,0,0,1707495382119053450,1707495382119229618,1707495382119576024,1707495382119768275,1707495382122100470,1707495382122104963,1707495382126498433,1707495382090356770,0,0,1707495382090733274,1707495382092846282,1707495382126736027
167772191,0,1707495382094943447,1707495382096078140,0,0,1707495382137692921,0,0,1707495382138029985,1707495382096576771,0,0,1707495382097323266,1707495382097341489,1707495382138043215,1707495382141169445,1707495382141962453,1707495382141963859,1707495382143917840,1707495382143928987,0,0,1707495382144001589,1707495382144012025,0,0,1707495382144221206,1707495382144312332,1707495382144470825,1707495382144643384,1707495382145711332,1707495382145712210,1707495382145823564,1707495382097344151,0,0,1707495382097937160,1707495382099297469,1707495382146020810
167772192,0,1707495382091955827,1707495382093070334,0,0,1707495382162605417,0,0,1707495382163044465,1707495382093963725,0,0,1707495382094136536,1707495382094153154,1707495382163057746,1707495382166171226,1707495382167041578,1707495382167044151,1707495382169707403,1707495382169714286,0,0,1707495382169812154,1707495382169825474,0,0,1707495382169974619,1707495382170136544,1707495382170268653,1707495382170511201,1707495382171285580,1707495382171286419,1707495382171401096,1707495382094155568,0,0,1707495382094345294,1707495382095651671,1707495382171582978
167772193,0,1707495382094408119,1707495382095246253,0,0,1707495382125717969,0,0,1707495382127853018,1707495382095958766,0,0,1707495382096237929,1707495382096259289,1707495382127865543,1707495382130959701,1707495382131754688,1707495382131756473,1707495382134776742,1707495382134786044,0,0,1707495382134979348,1707495382134989289,0,0,1707495382135249431,1707495382135366163,1707495382135511013,1707495382135588454,1707495382136526483,1707495382136527795,1707495382137550797,1707495382096261902,0,0,1707495382096455200,1707495382097915989,1707495382137813315
167772194,0,1707495382095215565,1707495382096211158,0,0,1707495382158679539,0,0,1707495382160062356,1707495382097328202,0,0,1707495382097831870,1707495382097848208,1707495382160071484,1707495382163187347,1707495382164229781,1707495382164233182,1707495382164783361,1707495382164796542,0,0,1707495382164905381,1707495382164916581,0,0,1707495382165134048,1707495382165248263,1707495382165577062,1707495382165871781,1707495382166773407,1707495382166774618,1707495382167739010,1707495382097851416,0,0,1707495382099514013,1707495382100932324,1707495382167918656
167772195,0,1707495382097133777,1707495382098259117,0,0,1707495382168810892,0,0,1707495382171044965,1707495382098885503,0,0,1707495382101124891,1707495382101154000,1707495382171057269,1707495382174148621,1707495382176166970,1707495382176170141,1707495382176258749,1707495382176265776,0,0,1707495382176332345,1707495382176342355,0,0,1707495382176465683,1707495382176543102,1707495382176694907,1707495382176705196,1707495382177473172,1707495382177473658,1707495382177584496,1707495382101158413,0,0,1707495382101505577,1707495382102928188,1707495382177864870
167772196,0,1707495382098856452,1707495382099910930,0,0,1707495382132298646,0,0,1707495382135580630,1707495382101299337,0,0,1707495382103133304,1707495382103155360,1707495382135592726,1707495382138713495,1707495382139534032,1707495382139536283,1707495382139581647,1707495382139593502,0,0,1707495382139713862,1707495382139728487,0,0,1707495382139988554,1707495382140140106,1707495382140390189,1707495382140419337,1707495382141744493,1707495382141745386,1707495382143868256,1707495382103159013,0,0,1707495382103885223,1707495382105285594,1707495382144082180
167772197,0,1707495382100696839,1707495382101748278,0,0,1707495382183297224,0,0,1707495382183815017,1707495382104422776,0,0,1707495382109003611,1707495382109024546,1707495382183824313,1707495382186916244,1707495382187870200,1707495382187873285,1707495382188484704,1707495382188494853,0,0,1707495382188567878,1707495382188580643,0,0,1707495382188841440,1707495382188951972,1707495382189217064,1707495382189576526,1707495382191781825,1707495382191783165,1707495382191898896,1707495382109028300,0,0,1707495382110455194,1707495382111759509,1707495382192193975
167772198,0,1707495382100725712,1707495382101748240,0,0,1707495382125330939,0,0,1707495382127802379,1707495382107441234,0,0,1707495382107834025,1707495382107866808,1707495382127814262,1707495382130912559,1707495382131769154,1707495382131771426,1707495382132686248,1707495382132699002,0,0,1707495382132759407,1707495382132767486,0,0,1707495382132843307,1707495382132941955,1707495382133120322,1707495382133944095,1707495382134753333,1707495382134754105,1707495382136344358,1707495382107871450,0,0,1707495382109125680,1707495382111098136,1707495382136544665
167772199,0,1707495382100315559,1707495382101645741,0,0,1707495382132773998,0,0,1707495382136322101,1707495382102530132,0,0,1707495382103610415,1707495382103635173,1707495382136332395,1707495382139470185,1707495382140369971,1707495382140373041,1707495382140449695,1707495382140460707,0,0,1707495382140733558,1707495382140745230,0,0,1707495382140877469,1707495382141000274,1707495382141189765,1707495382141797350,1707495382142686573,1707495382142687608,1707495382143858525,1707495382103638397,0,0,1707495382105588506,1707495382107134212,1707495382144093836
167772200,0,1707495382105789059,1707495382107565626,0,0,1707495382202103803,0,0,1707495382204642384,1707495382108054603,0,0,1707495382108686947,1707495382108699848,1707495382204655952,1707495382207908110,1707495382210064033,1707495382210067348,1707495382210146524,1707495382210154841,0,0,1707495382210290749,1707495382210303237,0,0,1707495382210682058,1707495382210853468,1707495382211047133,1707495382211102893,1707495382212101777,1707495382212102357,1707495382212201719,1707495382108703569,0,0,1707495382108956798,1707495382110656322,1707495382212489837
167772201,0,1707495382102540409,1707495382103778856,0,0,1707495382197369524,0,0,1707495382198014275,1707495382104616062,0,0,1707495382108663172,1707495382108687380,1707495382198077781,1707495382201180450,1707495382201983977,1707495382201985499,1707495382202040462,1707495382202054850,0,0,1707495382202167981,1707495382202181891,0,0,1707495382202456168,1707495382202591877,1707495382202892201,1707495382202935887,1707495382203956271,1707495382203957284,1707495382204896496,1707495382108691198,0,0,1707495382109154059,1707495382110707477,1707495382205090296
167772202,0,1707495382102922165,1707495382103810076,0,0,1707495382165498168,0,0,1707495382168585547,1707495382104962026,0,0,1707495382105753634,1707495382105775639,1707495382168596545,1707495382171692149,1707495382172644491,1707495382172647869,1707495382172696784,1707495382172704261,0,0,1707495382172800772,1707495382172813264,0,0,1707495382172962154,1707495382173076024,1707495382173231251,1707495382173488150,1707495382174935793,1707495382174936483,1707495382175512453,1707495382105779330,0,0,1707495382107162211,1707495382108646217,1707495382175687496
167772203,0,1707495382106790996,1707495382108078330,0,0,1707495382179648551,0,0,1707495382180086699,1707495382109897626,0,0,1707495382114464705,1707495382114484932,1707495382180100405,1707495382183313393,1707495382184877446,1707495382184883282,1707495382184956568,1707495382184972451,0,0,1707495382185086380,1707495382185101842,0,0,1707495382185266308,1707495382185443058,1707495382185717338,1707495382185750242,1707495382187248039,1707495382187249099,1707495382189401083,1707495382114488705,0,0,1707495382115869800,1707495382118744210,1707495382190010478
167772204,0,1707495382108425728,1707495382110002245,0,0,1707495382196483214,0,0,1707495382196931996,1707495382110728616,0,0,1707495382111601690,1707495382111623115,1707495382196951439,1707495382200293753,1707495382202333716,1707495382202337412,1707495382202968705,1707495382202982457,0,0,1707495382203209770,1707495382203225295,0,0,1707495382203402946,1707495382203515549,1707495382203676560,1707495382204023085,1707495382204807938,1707495382204808621,1707495382204877651,1707495382111626826,0,0,1707495382113083841,1707495382114296934,1707495382205091999
167772205,0,1707495382104345140,1707495382106121355,0,0,1707495382156587141,0,0,1707495382158155646,1707495382107307886,0,0,1707495382107660569,1707495382107681070,1707495382158165237,1707495382161301553,1707495382162218627,1707495382162221270,1707495382162313244,1707495382162323907,0,0,1707495382162407767,1707495382162419546,0,0,1707495382162530944,1707495382162632569,1707495382162831113,1707495382162885191,1707495382163708245,1707495382163708862,1707495382163793847,1707495382107684608,0,0,1707495382110911535,1707495382112955015,1707495382164108015
167772206,0,1707495382107143164,1707495382108137090,0,0,1707495382139603029,0,0,1707495382142733635,1707495382111672651,0,0,1707495382114416107,1707495382114434609,1707495382142750559,1707495382146104730,1707495382146961686,1707495382146968014,1707495382147063890,1707495382147079598,0,0,1707495382147261550,1707495382147276451,0,0,1707495382147438605,1707495382147625287,1707495382147881643,1707495382147917105,1707495382148710318,1707495382148711336,1707495382148779467,1707495382114442796,0,0,1707495382114828657,1707495382116406899,1707495382149097096
167772207,0,1707495382104367614,1707495382106322005,0,0,1707495382135654043,0,0,1707495382137498645,1707495382108068146,0,0,1707495382113881332,1707495382113907646,1707495382137509322,1707495382140623982,1707495382141438813,1707495382141440411,1707495382142725353,1707495382142740139,0,0,1707495382142990092,1707495382143007447,0,0,1707495382143210408,1707495382143334946,1707495382143710975,1707495382143808766,1707495382144597778,1707495382144598443,1707495382144691220,1707495382113911346,0,0,1707495382114609738,1707495382117002587,1707495382144979969
167772208,0,1707495382106954252,1707495382108047351,0,0,1707495382122843476,0,0,1707495382127713795,1707495382109220464,0,0,1707495382111931393,1707495382111954105,1707495382127808564,1707495382130944612,1707495382131730918,1707495382131732145,1707495382133939282,1707495382133947437,0,0,1707495382134099061,1707495382134109516,0,0,1707495382134257001,1707495382134335359,1707495382134478986,1707495382134779808,1707495382135560991,1707495382135561706,1707495382137147182,1707495382111957626,0,0,1707495382112291067,1707495382113474876,1707495382137323425
167772209,0,1707495382112984730,1707495382114157193,0,0,1707495382166655255,0,0,1707495382170339690,1707495382115867267,0,0,1707495382121285597,1707495382121301364,1707495382170348620,1707495382173425822,1707495382174894795,1707495382174897695,1707495382174978164,1707495382174984852,0,0,1707495382175060660,1707495382175070427,0,0,1707495382175200859,1707495382175281370,1707495382175426711,1707495382175743836,1707495382176553134,1707495382176553635,1707495382176596939,1707495382121304361,0,0,1707495382121614030,1707495382123118531,1707495382176923875
167772210,0,1707495382111564573,1707495382112785383,0,0,1707495382198235370,0,0,1707495382198587184,1707495382113772671,0,0,1707495382115075127,1707495382115092158,1707495382198596159,1707495382201712835,1707495382203327819,1707495382203334010,1707495382203988553,1707495382204009844,0,0,1707495382204156754,1707495382204168097,0,0,1707495382204309666,1707495382204420460,1707495382204575498,1707495382204833574,1707495382205608074,1707495382205608873,1707495382205682293,1707495382115095323,0,0,1707495382117428680,1707495382118663058,1707495382205863807
167772211,0,1707495382120534154,1707495382121831265,0,0,1707495382151785703,0,0,1707495382152333921,1707495382122844076,0,0,1707495382123688442,1707495382123708795,1707495382152343742,1707495382155462311,1707495382156276875,1707495382156278418,1707495382156335069,1707495382156344420,0,0,1707495382156424559,1707495382156436375,0,0,1707495382156548915,1707495382156669944,1707495382156869712,1707495382156896243,1707495382157711054,1707495382157711751,1707495382159170204,1707495382123712351,0,0,1707495382124287890,1707495382125663085,1707495382159370969
167772212,0,1707495382124324078,1707495382125271692,0,0,1707495382151207517,0,0,1707495382152317993,1707495382126218609,0,0,1707495382126818409,1707495382126829876,1707495382152333011,1707495382155474625,1707495382156541098,1707495382156547713,1707495382157739985,1707495382157747311,0,0,1707495382157823073,1707495382157829684,0,0,1707495382157900017,1707495382157955258,1707495382158086604,1707495382159131296,1707495382159986654,1707495382159987341,1707495382160070793,1707495382126831949,0,0,1707495382127134056,1707495382128116517,1707495382160309182
167772213,0,1707495382119121946,1707495382120154638,0,0,1707495382133609760,0,0,1707495382137153029,1707495382120952691,0,0,1707495382121345239,1707495382121361433,1707495382137165731,1707495382140240441,1707495382141089395,1707495382141092380,1707495382141781378,1707495382141789484,0,0,1707495382141972589,1707495382141986339,0,0,1707495382142148696,1707495382142290431,1707495382142605077,1707495382142730867,1707495382143738450,1707495382143739564,1707495382144586533,1707495382121364242,0,0,1707495382122298179,1707495382123741083,1707495382144952376
167772214,0,1707495382118479582,1707495382119710106,0,0,1707495382210308810,0,0,1707495382211255982,1707495382120614019,0,0,1707495382121592743,1707495382121619689,1707495382211267948,1707495382214505454,1707495382217077757,1707495382217083666,1707495382217345357,1707495382217367831,0,0,1707495382217597199,1707495382217615531,0,0,1707495382218057151,1707495382218203848,1707495382218379455,1707495382218409349,1707495382219334748,1707495382219335664,1707495382219544850,1707495382121623410,0,0,1707495382123830084,1707495382124866431,1707495382219747981
167772215,0,1707495382119314176,1707495382121830721,0,0,1707495382172153314,0,0,1707495382173273733,1707495382122465802,0,0,1707495382123883326,1707495382123894283,1707495382173283341,1707495382176398423,1707495382178410254,1707495382178413438,1707495382178515655,1707495382178523719,0,0,1707495382178617630,1707495382178627528,0,0,1707495382178751559,1707495382178851119,1707495382179029161,1707495382179046336,1707495382179827456,1707495382179828329,1707495382179903802,1707495382123903834,0,0,1707495382124318121,1707495382125580547,1707495382180205993
167772216,0,1707495382118399365,1707495382119635489,0,0,1707495382183318954,0,0,1707495382183866697,1707495382120753688,0,0,1707495382121005946,1707495382121033909,1707495382183886129,1707495382187011815,1707495382189376232,1707495382189386462,1707495382189639014,1707495382189653591,0,0,1707495382189847279,1707495382189872398,0,0,1707495382190096307,1707495382190212986,1707495382190387074,1707495382191864613,1707495382192607805,1707495382192608423,1707495382192679964,1707495382121037877,0,0,1707495382121501261,1707495382123047561,1707495382192955416
167772217,0,1707495382120963472,1707495382121943567,0,0,1707495382180546327,0,0,1707495382180953639,1707495382122556309,0,0,1707495382123691457,1707495382123709516,1707495382180967133,1707495382184116200,1707495382186485723,1707495382186489126,1707495382186545306,1707495382186554678,0,0,1707495382186622564,1707495382186634553,0,0,1707495382186778013,1707495382186870298,1707495382187117276,1707495382187283163,1707495382188454956,1707495382188455847,1707495382189656255,1707495382123712967,0,0,1707495382124043794,1707495382125258561,1707495382190137258
167772218,0,1707495382118037636,1707495382119051092,0,0,1707495382188483383,0,0,1707495382190481422,1707495382119761534,0,0,1707495382121635047,1707495382121655015,1707495382190491215,1707495382193563271,1707495382194388765,1707495382194389923,1707495382194475973,1707495382194484819,0,0,1707495382194544061,1707495382194554293,0,0,1707495382194672810,1707495382194747608,1707495382194908956,1707495382195177181,1707495382195942605,1707495382195943175,1707495382196014571,1707495382121658450,0,0,1707495382123983443,1707495382125224653,1707495382196187062
167772219,0,1707495382118659234,1707495382119751797,0,0,1707495382202828183,0,0,1707495382204869725,1707495382121280658,0,0,1707495382121453371,1707495382121465102,1707495382204882377,1707495382208008057,1707495382208767698,1707495382208769013,1707495382208886219,1707495382208892207,0,0,1707495382209023547,1707495382209036051,0,0,1707495382209185669,1707495382209305863,1707495382209449878,1707495382209462948,1707495382210228392,1707495382210228877,1707495382210314534,1707495382121467339,0,0,1707495382121669387,1707495382123265552,1707495382210540192
167772220,0,1707495382121193708,1707495382123684904,0,0,1707495382187272517,0,0,1707495382189663853,1707495382124392732,0,0,1707495382124645937,1707495382124661631,1707495382189688432,1707495382192868292,1707495382193744709,1707495382193746340,1707495382193879535,1707495382193893406,0,0,1707495382194012687,1707495382194024270,0,0,1707495382194163725,1707495382194268100,1707495382194414108,1707495382194429117,1707495382195157183,1707495382195157692,1707495382195342806,1707495382124664866,0,0,1707495382125329050,1707495382127291565,1707495382195521110
167772221,0,1707495382123809494,1707495382125038052,0,0,1707495382154856111,0,0,1707495382155271296,1707495382125643817,0,0,1707495382126035767,1707495382126061711,1707495382155279783,1707495382158356166,1707495382159277618,1707495382159280243,1707495382159524795,1707495382159534043,0,0,1707495382159609186,1707495382159618005,0,0,1707495382159725888,1707495382159861090,1707495382160011584,1707495382160029208,1707495382161042645,1707495382161043288,1707495382161083482,1707495382126065829,0,0,1707495382126687713,1707495382127660858,1707495382161318225
