HOST,PUBLISHER_APP_INITIALIZATION,SUBSCRIBER_APP_INITIALIZATION_START,SUBSCRIBER_APP_INITIALIZATION_END,GENERATE_OFFER_NONCE_START,GENERATE_OFFER_NONCE_END,FIND_SEND,FIND_RECEIVE,OFFER_SEND,OFFER_RECEIVE,SVCB_SERVICE_REQUEST_SEND,SVCB_SERVICE_REQUEST_RECEIVE,SVCB_SERVICE_RESPONSE_SEND,SVCB_SERVICE_RESPONSE_RECEIVE,VALIDATE_OFFER_START,VALIDATE_OFFER_END,CLIENT_SIGN_START,CLIENT_SIGN_END,SUBSCRIBE_SEND,SUBSCRIBE_RECEIVE,SVCB_CLIENT_REQUEST_SEND,SVCB_CLIENT_REQUEST_RECEIVE,SVCB_CLIENT_RESPONSE_SEND,SVCB_CLIENT_RESPONSE_RECEIVE,TLSA_CLIENT_REQUEST_SEND,TLSA_CLIENT_REQUEST_RECEIVE,TLSA_CLIENT_RESPONSE_SEND,TLSA_CLIENT_RESPONSE_RECEIVE,VERIFY_CLIENT_SIGNATURE_START,VERIFY_CLIENT_SIGNATURE_END,SERVICE_SIGN_START,SERVICE_SIGN_END,SUBSCRIBE_ACK_SEND,SUBSCRIBE_ACK_RECEIVE,TLSA_SERVICE_REQUEST_SEND,TLSA_SERVICE_REQUEST_RECEIVE,TLSA_SERVICE_RESPONSE_SEND,TLSA_SERVICE_RESPONSE_RECEIVE,VERIFY_SERVICE_SIGNATURE_START,VERIFY_SERVICE_SIGNATURE_END
167772162,0,1707532114078479544,1707532114079642913,0,0,1707532114180186044,0,0,1707532114190817348,1707532114082512409,0,0,1707532114086543208,1707532114086568435,1707532114190826594,1707532114193933143,1707532114196270727,1707532114196282721,1707532114202421810,1707532114202433364,0,0,1707532114202526536,1707532114202540400,0,0,1707532114202801479,1707532114202937775,1707532114203159425,1707532114203460196,1707532114204306467,1707532114204307347,1707532114206721789,1707532114086572555,0,0,1707532114087901726,1707532114089213395,1707532114207188684
167772163,0,1707532114082606918,1707532114086135912,0,0,1707532114117826339,0,0,1707532114121545650,1707532114087329029,0,0,1707532114087827957,1707532114088970363,1707532114121560261,1707532114128868485,1707532114132122908,1707532114132136854,1707532114144456947,1707532114144469928,0,0,1707532114147137575,1707532114147155341,0,0,1707532114147490455,1707532114147716048,1707532114148038103,1707532114148329247,1707532114152125668,1707532114152127946,1707532114161518226,1707532114088985207,0,0,1707532114091841593,1707532114093223873,1707532114161892053
167772164,0,1707532114078341610,1707532114079644729,0,0,1707532114139066788,0,0,1707532114160779055,1707532114084330713,0,0,1707532114087165433,1707532114087189357,1707532114160803830,1707532114164054682,1707532114167145384,1707532114167154598,1707532114173996843,1707532114174024531,0,0,1707532114174483272,1707532114174505875,0,0,1707532114174809941,1707532114174968675,1707532114175257468,1707532114175349890,1707532114176322452,1707532114176323620,1707532114179027632,1707532114087192064,0,0,1707532114087867477,1707532114089121703,1707532114179270549
167772165,0,1707532114078664878,1707532114079999101,0,0,1707532114124556021,0,0,1707532114133807803,1707532114080620173,0,0,1707532114087038908,1707532114087065820,1707532114133827415,1707532114137061669,1707532114139396807,1707532114139404272,1707532114152941273,1707532114152960956,0,0,1707532114153236039,1707532114153252645,0,0,1707532114153650163,1707532114157827678,1707532114158275963,1707532114158463603,1707532114160722692,1707532114160724674,1707532114163761458,1707532114087069802,0,0,1707532114087925103,1707532114089215078,1707532114164092889
167772166,0,1707532114078341506,1707532114079642672,0,0,1707532114118319458,0,0,1707532114122220464,1707532114082944369,0,0,1707532114086104802,1707532114086160033,1707532114122238990,1707532114127880245,1707532114133432632,1707532114133443721,1707532114149000975,1707532114149016812,0,0,1707532114149200163,1707532114149217508,0,0,1707532114149445742,1707532114149898886,1707532114150226868,1707532114154203820,1707532114158073404,1707532114158077287,1707532114162182942,1707532114086166928,0,0,1707532114088691043,1707532114090338721,1707532114162511386
167772167,0,1707532114079332491,1707532114080362531,0,0,1707532114155249700,0,0,1707532114181388616,1707532114083377722,0,0,1707532114086326853,1707532114086360397,1707532114181397145,1707532114184506218,1707532114185323214,1707532114185327609,1707532114185420316,1707532114185432869,0,0,1707532114185557509,1707532114185566809,0,0,1707532114185711546,1707532114185811573,1707532114186098521,1707532114186669965,1707532114187856211,1707532114187857616,1707532114189257493,1707532114086363515,0,0,1707532114086986317,1707532114088550494,1707532114189496020
167772168,0,1707532114079502066,1707532114080572952,0,0,1707532114099320340,0,0,1707532114101551523,1707532114086478082,0,0,1707532114086670290,1707532114086686055,1707532114101590388,1707532114104853567,1707532114107344052,1707532114107354038,1707532114107525523,1707532114107551307,0,0,1707532114107749395,1707532114107766630,0,0,1707532114110009691,1707532114112420705,1707532114112819659,1707532114112868750,1707532114114582329,1707532114114584870,1707532114119712719,1707532114086688308,0,0,1707532114087080050,1707532114088545477,1707532114120089287
167772169,0,1707532114079313413,1707532114080295644,0,0,1707532114147572062,0,0,1707532114173435110,1707532114083190201,0,0,1707532114086563257,1707532114086595333,1707532114173458529,1707532114176648379,1707532114177547842,1707532114177555877,1707532114180747822,1707532114180758920,0,0,1707532114180892916,1707532114180903474,0,0,1707532114181061220,1707532114181146953,1707532114181309195,1707532114181993624,1707532114182825342,1707532114182826313,1707532114183489981,1707532114086598706,0,0,1707532114087425384,1707532114090032482,1707532114183764972
167772170,0,1707532114086138205,1707532114087817611,0,0,1707532114152520800,0,0,1707532114177093510,1707532114088860888,0,0,1707532114089945876,1707532114089959438,1707532114177109069,1707532114180328997,1707532114181420283,1707532114181424381,1707532114182853014,1707532114182860938,0,0,1707532114183010989,1707532114183019954,0,0,1707532114183164712,1707532114183261516,1707532114183399711,1707532114184168961,1707532114185033438,1707532114185034575,1707532114185217308,1707532114089961913,0,0,1707532114093413952,1707532114094735372,1707532114185446586
167772171,0,1707532114082605318,1707532114085942137,0,0,1707532114142817792,0,0,1707532114164372167,1707532114088843191,0,0,1707532114090047148,1707532114090064797,1707532114164393234,1707532114168018466,1707532114171342333,1707532114171353171,1707532114176366656,1707532114176376152,0,0,1707532114176486202,1707532114176504830,0,0,1707532114176628638,1707532114176721742,1707532114176995039,1707532114177334763,1707532114178179185,1707532114178179871,1707532114180373802,1707532114090067104,0,0,1707532114097849142,1707532114099299050,1707532114180791983
167772172,0,1707532114082605761,1707532114085412046,0,0,1707532114119547007,0,0,1707532114121776419,1707532114086852836,0,0,1707532114089496044,1707532114089522150,1707532114121797989,1707532114125355001,1707532114127974428,1707532114127989517,1707532114143324260,1707532114143343939,0,0,1707532114143501151,1707532114143519153,0,0,1707532114143790604,1707532114143930403,1707532114144241122,1707532114144373638,1707532114146924673,1707532114146926794,1707532114150999532,1707532114089525712,0,0,1707532114091790593,1707532114093222969,1707532114151383515
167772173,0,1707532114082606369,1707532114087744063,0,0,1707532114186453828,0,0,1707532114195777623,1707532114088439763,0,0,1707532114089499392,1707532114089518689,1707532114195794818,1707532114198980561,1707532114200185775,1707532114200193296,1707532114208891674,1707532114208901559,0,0,1707532114208975854,1707532114208986733,0,0,1707532114209094336,1707532114209176109,1707532114209323925,1707532114209982529,1707532114210965094,1707532114210966516,1707532114212578345,1707532114089521385,0,0,1707532114093342455,1707532114094767253,1707532114212841768
167772174,0,1707532114082962535,1707532114085412460,0,0,1707532114113713580,0,0,1707532114120808386,1707532114086232117,0,0,1707532114086602172,1707532114086623496,1707532114120825384,1707532114124005057,1707532114126358281,1707532114126365228,1707532114134035554,1707532114134050487,0,0,1707532114137045923,1707532114137070799,0,0,1707532114137868564,1707532114138011057,1707532114138318014,1707532114138370881,1707532114140901460,1707532114140905328,1707532114148442096,1707532114086628158,0,0,1707532114090238940,1707532114094950550,1707532114148823348
167772175,0,1707532114089780269,1707532114090853498,0,0,1707532114118365490,0,0,1707532114121392493,1707532114092569885,0,0,1707532114093694538,1707532114093714007,1707532114121409244,1707532114124714330,1707532114127292576,1707532114127309474,1707532114138480856,1707532114138503279,0,0,1707532114138685017,1707532114138700026,0,0,1707532114139443542,1707532114139557388,1707532114140237320,1707532114141004077,1707532114143283667,1707532114143285269,1707532114148770133,1707532114093717572,0,0,1707532114094008612,1707532114095318217,1707532114149772530
167772176,0,1707532114089780313,1707532114090858210,0,0,1707532114168321236,0,0,1707532114185384663,1707532114092839253,0,0,1707532114093143450,1707532114093160570,1707532114185397292,1707532114188586980,1707532114191221208,1707532114191228947,1707532114197019902,1707532114197031652,0,0,1707532114197176831,1707532114197190510,0,0,1707532114197328693,1707532114197442950,1707532114197691329,1707532114198009828,1707532114198975689,1707532114198977045,1707532114201402396,1707532114093163863,0,0,1707532114093539106,1707532114094801425,1707532114201654548
167772177,0,1707532114089021786,1707532114090650089,0,0,1707532114179095746,0,0,1707532114190024809,1707532114092127933,0,0,1707532114095811428,1707532114095839163,1707532114190050085,1707532114193288570,1707532114194134769,1707532114194137487,1707532114199910211,1707532114199921331,0,0,1707532114200744249,1707532114200759550,0,0,1707532114200930103,1707532114201051150,1707532114201264077,1707532114201373283,1707532114202380183,1707532114202382078,1707532114204146449,1707532114095843554,0,0,1707532114101666100,1707532114107919304,1707532114204388864
167772178,0,1707532114090248957,1707532114091173676,0,0,1707532114103856436,0,0,1707532114104934157,1707532114092079165,0,0,1707532114092963323,1707532114092985573,1707532114104954763,1707532114108561158,1707532114110990545,1707532114110999997,1707532114114245935,1707532114114268445,0,0,1707532114115820774,1707532114115833511,0,0,1707532114116298586,1707532114116604007,1707532114117001592,1707532114117153518,1707532114118428103,1707532114118430217,1707532114120541521,1707532114092989640,0,0,1707532114096064619,1707532114097522556,1707532114120861502
167772179,0,1707532114094528624,1707532114095668147,0,0,1707532114139112972,0,0,1707532114158454660,1707532114096475290,0,0,1707532114096688021,1707532114096707476,1707532114158484367,1707532114161994198,1707532114163202092,1707532114163209522,1707532114171697907,1707532114171718836,0,0,1707532114172070386,1707532114172086619,0,0,1707532114172260209,1707532114172387079,1707532114172687090,1707532114173582131,1707532114174436665,1707532114174437869,1707532114176028086,1707532114096711180,0,0,1707532114096916805,1707532114104682553,1707532114176463607
167772180,0,1707532114094621840,1707532114097983743,0,0,1707532114183406435,0,0,1707532114193095699,1707532114100968566,0,0,1707532114103821108,1707532114103848723,1707532114193109756,1707532114196338375,1707532114197428399,1707532114197443324,1707532114204336794,1707532114204345235,0,0,1707532114204417674,1707532114204428503,0,0,1707532114204546130,1707532114204629504,1707532114204803577,1707532114206250191,1707532114207779394,1707532114207780463,1707532114209437984,1707532114103853055,0,0,1707532114104269030,1707532114105903818,1707532114209801154
167772181,0,1707532114098867468,1707532114099943110,0,0,1707532114126639891,0,0,1707532114144454299,1707532114103064051,0,0,1707532114104870725,1707532114104884896,1707532114144472887,1707532114148675882,1707532114151365574,1707532114151374928,1707532114165883364,1707532114165900924,0,0,1707532114166180795,1707532114166199093,0,0,1707532114166506928,1707532114166665056,1707532114166927066,1707532114168900691,1707532114171591633,1707532114171594558,1707532114175365466,1707532114104887593,0,0,1707532114105198607,1707532114106768462,1707532114176262588
167772182,0,1707532114097045169,1707532114105457004,0,0,1707532114128854013,0,0,1707532114144518691,1707532114108094532,0,0,1707532114110084519,1707532114110100668,1707532114144534818,1707532114147716185,1707532114150648317,1707532114150659342,1707532114162619817,1707532114162633687,0,0,1707532114162760200,1707532114162776755,0,0,1707532114163099640,1707532114163230984,1707532114163519247,1707532114165891923,1707532114168307043,1707532114168309672,1707532114172846038,1707532114110103938,0,0,1707532114111663488,1707532114113039160,1707532114173438534
167772183,0,1707532114102342757,1707532114103929098,0,0,1707532114167261080,0,0,1707532114185270375,1707532114105293359,0,0,1707532114107323656,1707532114107338235,1707532114185282860,1707532114188470721,1707532114190241987,1707532114190246276,1707532114194808746,1707532114194817536,0,0,1707532114194924123,1707532114194937723,0,0,1707532114195159013,1707532114195325736,1707532114195562502,1707532114195945816,1707532114196953411,1707532114196954772,1707532114198711242,1707532114107340367,0,0,1707532114108497115,1707532114109694088,1707532114198905567
167772184,0,1707532114098386763,1707532114099371022,0,0,1707532114187165609,0,0,1707532114197835965,1707532114101415732,0,0,1707532114105087445,1707532114105104741,1707532114197850672,1707532114200975383,1707532114203518327,1707532114203528530,1707532114211007300,1707532114211016255,0,0,1707532114211086142,1707532114211096012,0,0,1707532114211205459,1707532114211277979,1707532114211421087,1707532114211823295,1707532114212722804,1707532114212723635,1707532114215538693,1707532114105107558,0,0,1707532114107798639,1707532114109165254,1707532114215764297
167772185,0,1707532114098296527,1707532114099300316,0,0,1707532114170947277,0,0,1707532114186160344,1707532114100816680,0,0,1707532114104345821,1707532114104392526,1707532114186185997,1707532114189302041,1707532114191586115,1707532114191592381,1707532114198007976,1707532114198016106,0,0,1707532114198187219,1707532114198195572,0,0,1707532114198282673,1707532114198355207,1707532114198587324,1707532114199014714,1707532114199872783,1707532114199874141,1707532114202370446,1707532114104400787,0,0,1707532114105643530,1707532114107955626,1707532114202706461
167772186,0,1707532114099520196,1707532114100634083,0,0,1707532114199241129,0,0,1707532114206722404,1707532114102355610,0,0,1707532114105888939,1707532114105915070,1707532114206734316,1707532114209847252,1707532114210797040,1707532114210800844,1707532114223388529,1707532114223397665,0,0,1707532114223526623,1707532114223539919,0,0,1707532114223777668,1707532114224030521,1707532114224187163,1707532114225620265,1707532114226600921,1707532114226602083,1707532114227418763,1707532114105917916,0,0,1707532114108454491,1707532114109693421,1707532114227739684
167772187,0,1707532114104723466,1707532114105845254,0,0,1707532114162391269,0,0,1707532114184897743,1707532114107007389,0,0,1707532114110006882,1707532114110027730,1707532114184906601,1707532114187992288,1707532114189512111,1707532114189517884,1707532114193104171,1707532114193116034,0,0,1707532114193221621,1707532114193236130,0,0,1707532114193466883,1707532114193580781,1707532114193748691,1707532114193961824,1707532114194781531,1707532114194782689,1707532114196924903,1707532114110031322,0,0,1707532114110275023,1707532114111591506,1707532114197278051
167772188,0,1707532114099163466,1707532114100178650,0,0,1707532114181670059,0,0,1707532114191997048,1707532114102900532,0,0,1707532114107073710,1707532114107113090,1707532114192014887,1707532114195251562,1707532114196572275,1707532114196581197,1707532114203455071,1707532114203467199,0,0,1707532114203574096,1707532114203586470,0,0,1707532114203734852,1707532114203838894,1707532114204006152,1707532114204337466,1707532114206175050,1707532114206176524,1707532114208525126,1707532114107117684,0,0,1707532114110009960,1707532114111311836,1707532114209044942
167772189,0,1707532114098546959,1707532114099394755,0,0,1707532114111993685,0,0,1707532114120072389,1707532114101844570,0,0,1707532114106207484,1707532114106255376,1707532114120097090,1707532114123362052,1707532114125763940,1707532114125771639,1707532114128603549,1707532114128636514,0,0,1707532114132752708,1707532114132781305,0,0,1707532114133071229,1707532114133286322,1707532114133634748,1707532114133724817,1707532114136010449,1707532114136013889,1707532114140861791,1707532114106258857,0,0,1707532114108247376,1707532114109087192,1707532114141249274
167772190,0,1707532114102490300,1707532114103934431,0,0,1707532114146180742,0,0,1707532114167070751,1707532114104480966,0,0,1707532114104777317,1707532114104803922,1707532114167088586,1707532114170737423,1707532114173726372,1707532114173738958,1707532114177325655,1707532114177339735,0,0,1707532114178060194,1707532114178073706,0,0,1707532114178324590,1707532114178709427,1707532114178928002,1707532114179032856,1707532114180688740,1707532114180690524,1707532114182872549,1707532114104807012,0,0,1707532114105413298,1707532114107995811,1707532114183110194
167772191,0,1707532114109737780,1707532114111020383,0,0,1707532114125553456,0,0,1707532114140358790,1707532114111715809,0,0,1707532114112762376,1707532114112782358,1707532114140376387,1707532114143656127,1707532114144879268,1707532114144887747,1707532114158624741,1707532114158637235,0,0,1707532114158972594,1707532114158995103,0,0,1707532114160403137,1707532114161053307,1707532114161381752,1707532114162612598,1707532114165783101,1707532114165786735,1707532114170372460,1707532114112785030,0,0,1707532114113632482,1707532114115481126,1707532114170940355
167772192,0,1707532114109502644,1707532114110580404,0,0,1707532114187556915,0,0,1707532114198772571,1707532114111948408,0,0,1707532114112766950,1707532114112782857,1707532114198788415,1707532114201912356,1707532114204221398,1707532114204229319,1707532114212756900,1707532114212766757,0,0,1707532114212829043,1707532114212838177,0,0,1707532114212950483,1707532114213017029,1707532114213232983,1707532114214755814,1707532114215743196,1707532114215744361,1707532114218896642,1707532114112786194,0,0,1707532114113596510,1707532114115071437,1707532114219085449
167772193,0,1707532114104111261,1707532114105341257,0,0,1707532114153912033,0,0,1707532114179066730,1707532114106657523,0,0,1707532114107589469,1707532114107605366,1707532114179081855,1707532114182181506,1707532114183279573,1707532114183284514,1707532114184150522,1707532114184162331,0,0,1707532114184266389,1707532114184277282,0,0,1707532114184405886,1707532114184499287,1707532114184764536,1707532114185066564,1707532114186398079,1707532114186399075,1707532114187993549,1707532114107608260,0,0,1707532114108431839,1707532114109632918,1707532114188328147
167772194,0,1707532114109502634,1707532114110599628,0,0,1707532114206567178,0,0,1707532114215554824,1707532114113455524,0,0,1707532114114074968,1707532114114094822,1707532114215565727,1707532114218668272,1707532114219471921,1707532114219473775,1707532114235143785,1707532114235154106,0,0,1707532114235262135,1707532114235273150,0,0,1707532114235401156,1707532114235520950,1707532114235780156,1707532114235990170,1707532114237227732,1707532114237228988,1707532114239690076,1707532114114097621,0,0,1707532114114887621,1707532114115758454,1707532114239894118
167772195,0,1707532114109535907,1707532114110580467,0,0,1707532114203185603,0,0,1707532114213364463,1707532114111106272,0,0,1707532114112806064,1707532114112820208,1707532114213375211,1707532114216464213,1707532114217289147,1707532114217290913,1707532114232762406,1707532114232771933,0,0,1707532114232866750,1707532114232879670,0,0,1707532114233026103,1707532114233131746,1707532114233314006,1707532114235180974,1707532114235955391,1707532114235956614,1707532114237978283,1707532114112822672,0,0,1707532114113779263,1707532114115124181,1707532114238228316
167772196,0,1707532114115428809,1707532114116499109,0,0,1707532114195236149,0,0,1707532114204139779,1707532114117424829,0,0,1707532114120324580,1707532114120342097,1707532114204153274,1707532114207271331,1707532114208106839,1707532114208110279,1707532114219561995,1707532114219573379,0,0,1707532114219665634,1707532114219677599,0,0,1707532114219863679,1707532114219969494,1707532114220228745,1707532114221630460,1707532114223360750,1707532114223361840,1707532114226683731,1707532114120345776,0,0,1707532114122208412,1707532114126197684,1707532114227019800
167772197,0,1707532114115313957,1707532114116466973,0,0,1707532114135336569,0,0,1707532114151475711,1707532114118299126,0,0,1707532114120320725,1707532114120340854,1707532114151494011,1707532114154869185,1707532114159262952,1707532114159280214,1707532114168381074,1707532114168399821,0,0,1707532114168562100,1707532114168578527,0,0,1707532114168910352,1707532114169074730,1707532114169391990,1707532114171911251,1707532114173525543,1707532114173528441,1707532114176182605,1707532114120343731,0,0,1707532114120734682,1707532114122067030,1707532114176437089
167772198,0,1707532114115226648,1707532114116470802,0,0,1707532114172236186,0,0,1707532114186954296,1707532114118539805,0,0,1707532114120414118,1707532114120429472,1707532114186966761,1707532114190083964,1707532114191156512,1707532114191161199,1707532114195934047,1707532114195956550,0,0,1707532114196076866,1707532114196089859,0,0,1707532114196270554,1707532114196405839,1707532114196767493,1707532114197020779,1707532114197981429,1707532114197982138,1707532114199662398,1707532114120433337,0,0,1707532114120846702,1707532114122114800,1707532114200206288
167772199,0,1707532114113602784,1707532114115107538,0,0,1707532114175597320,0,0,1707532114188016765,1707532114115639635,0,0,1707532114116000964,1707532114116019408,1707532114188029017,1707532114191154944,1707532114193549664,1707532114193560731,1707532114199010301,1707532114199019255,0,0,1707532114199087709,1707532114199096053,0,0,1707532114199226436,1707532114199315098,1707532114199486070,1707532114199931817,1707532114200895209,1707532114200896040,1707532114201998939,1707532114116022798,0,0,1707532114116804694,1707532114118402545,1707532114202352430
167772200,0,1707532114115226609,1707532114116466987,0,0,1707532114153918002,0,0,1707532114180439896,1707532114118640142,0,0,1707532114120637858,1707532114120655745,1707532114180453656,1707532114183663105,1707532114186113680,1707532114186119677,1707532114186953954,1707532114186963861,0,0,1707532114187292773,1707532114187307280,0,0,1707532114187526747,1707532114187662879,1707532114187919509,1707532114187990877,1707532114189036933,1707532114189038252,1707532114190014819,1707532114120659662,0,0,1707532114121058409,1707532114122340612,1707532114190260947
167772201,0,1707532114116539564,1707532114117874129,0,0,1707532114159618384,0,0,1707532114182835970,1707532114118357188,0,0,1707532114120566839,1707532114120581884,1707532114182845846,1707532114185954599,1707532114186915611,1707532114186917939,1707532114188385176,1707532114188397102,0,0,1707532114188510302,1707532114188524807,0,0,1707532114188877958,1707532114189010515,1707532114189180927,1707532114189227008,1707532114190178729,1707532114190179585,1707532114192037519,1707532114120584794,0,0,1707532114120890024,1707532114122119221,1707532114192334601
167772202,0,1707532114116693267,1707532114118063862,0,0,1707532114190703632,0,0,1707532114201361011,1707532114118536138,0,0,1707532114120382485,1707532114120399846,1707532114201374576,1707532114204513504,1707532114205422593,1707532114205428060,1707532114214718082,1707532114214730026,0,0,1707532114214849647,1707532114214862958,0,0,1707532114214982230,1707532114215107669,1707532114215409637,1707532114215784238,1707532114217899854,1707532114217901658,1707532114220378244,1707532114120403373,0,0,1707532114121010379,1707532114122277384,1707532114220567900
167772203,0,1707532114120891891,1707532114122014254,0,0,1707532114168501744,0,0,1707532114185346888,1707532114122651573,0,0,1707532114123303076,1707532114123332708,1707532114185364143,1707532114188451081,1707532114189342824,1707532114189345334,1707532114192139777,1707532114192158250,0,0,1707532114192410886,1707532114192425617,0,0,1707532114192665376,1707532114192781924,1707532114192942764,1707532114193105578,1707532114193907114,1707532114193908046,1707532114195814019,1707532114123337297,0,0,1707532114123691002,1707532114127944201,1707532114196187928
167772204,0,1707532114123367076,1707532114124599084,0,0,1707532114200999730,0,0,1707532114209729803,1707532114128033140,0,0,1707532114132962552,1707532114132984446,1707532114209756038,1707532114212928908,1707532114213786360,1707532114213791076,1707532114226688472,1707532114226698657,0,0,1707532114226800115,1707532114226814686,0,0,1707532114226996180,1707532114227146323,1707532114227305607,1707532114228796841,1707532114229565621,1707532114229566231,1707532114232476999,1707532114132987744,0,0,1707532114133362816,1707532114134590095,1707532114232804014
167772205,0,1707532114123694698,1707532114124599008,0,0,1707532114186988039,0,0,1707532114196948883,1707532114125936831,0,0,1707532114130043204,1707532114130060928,1707532114196964855,1707532114200185890,1707532114202105371,1707532114202115443,1707532114209963908,1707532114209974344,0,0,1707532114210101224,1707532114210116731,0,0,1707532114210425105,1707532114210573329,1707532114210750209,1707532114211005998,1707532114211798864,1707532114211799628,1707532114213311628,1707532114130064234,0,0,1707532114133249725,1707532114134580390,1707532114213611438
167772206,0,1707532114124444204,1707532114125682770,0,0,1707532114201797116,0,0,1707532114210883437,1707532114129221042,0,0,1707532114129908264,1707532114130410791,1707532114210899636,1707532114214026600,1707532114214983289,1707532114214988710,1707532114228760703,1707532114228771203,0,0,1707532114228863236,1707532114228874617,0,0,1707532114229016039,1707532114229114628,1707532114229365143,1707532114229590067,1707532114231632514,1707532114231633410,1707532114233463017,1707532114130414886,0,0,1707532114133477767,1707532114134747200,1707532114233930955
167772207,0,1707532114126326677,1707532114128164628,0,0,1707532114150027911,0,0,1707532114175375823,1707532114130563095,0,0,1707532114132866836,1707532114132902812,1707532114175391855,1707532114178540880,1707532114180039019,1707532114180044715,1707532114181999148,1707532114182009294,0,0,1707532114182117164,1707532114182130976,0,0,1707532114182358490,1707532114182464155,1707532114182737483,1707532114182858916,1707532114184110553,1707532114184111656,1707532114185128093,1707532114132907316,0,0,1707532114133319853,1707532114134577941,1707532114185341037
167772208,0,1707532114128055897,1707532114129253875,0,0,1707532114217958000,0,0,1707532114229478072,1707532114129592805,0,0,1707532114129843964,1707532114129862660,1707532114229488033,1707532114232580339,1707532114233465346,1707532114233467748,1707532114246121570,1707532114246137412,0,0,1707532114246272125,1707532114246287340,0,0,1707532114246503323,1707532114246660475,1707532114246933335,1707532114247035407,1707532114249129913,1707532114249131427,1707532114251058839,1707532114129866077,0,0,1707532114130815060,1707532114132208758,1707532114251413456
167772209,0,1707532114125809649,1707532114126825374,0,0,1707532114188373621,0,0,1707532114199697657,1707532114128819022,0,0,1707532114129478005,1707532114129502565,1707532114199718021,1707532114202935265,1707532114204133715,1707532114204139826,1707532114211821857,1707532114211829076,0,0,1707532114211880766,1707532114211887596,0,0,1707532114212206371,1707532114212318146,1707532114212486962,1707532114212762806,1707532114214675827,1707532114214677490,1707532114216628699,1707532114129506606,0,0,1707532114130137374,1707532114132339366,1707532114216958816
167772210,0,1707532114127393433,1707532114130399842,0,0,1707532114225792888,0,0,1707532114235888737,1707532114131695487,0,0,1707532114133702138,1707532114133717661,1707532114235900969,1707532114239033642,1707532114241249546,1707532114241253838,1707532114251556602,1707532114251568249,0,0,1707532114251696420,1707532114251708161,0,0,1707532114251839080,1707532114251934321,1707532114252201627,1707532114253371643,1707532114254960022,1707532114254961067,1707532114256327501,1707532114133720183,0,0,1707532114135591073,1707532114138751164,1707532114256515281
167772211,0,1707532114131254712,1707532114132211493,0,0,1707532114213678165,0,0,1707532114224300702,1707532114134609489,0,0,1707532114137081674,1707532114137106549,1707532114224315053,1707532114227434393,1707532114229459391,1707532114229462509,1707532114240766279,1707532114240776284,0,0,1707532114240895921,1707532114240908430,0,0,1707532114241182784,1707532114241292232,1707532114241441248,1707532114243190963,1707532114243979105,1707532114243979759,1707532114247036842,1707532114137109911,0,0,1707532114137710703,1707532114139064185,1707532114247225078
167772212,0,1707532114133536699,1707532114134478544,0,0,1707532114160933423,0,0,1707532114183481681,1707532114135603205,0,0,1707532114137238441,1707532114137254868,1707532114183491453,1707532114186741189,1707532114188177641,1707532114188183307,1707532114189238860,1707532114189248262,0,0,1707532114189349366,1707532114189363158,0,0,1707532114189592617,1707532114189697306,1707532114189931010,1707532114190207719,1707532114191221673,1707532114191222799,1707532114193099590,1707532114137258468,0,0,1707532114138049340,1707532114139293804,1707532114193477612
167772213,0,1707532114130693146,1707532114131931838,0,0,1707532114202596819,0,0,1707532114212597431,1707532114132867663,0,0,1707532114133590065,1707532114133605809,1707532114212609298,1707532114215706538,1707532114216974882,1707532114216979108,1707532114231665442,1707532114231679372,0,0,1707532114231757212,1707532114231768087,0,0,1707532114231894086,1707532114231980554,1707532114232269121,1707532114232771253,1707532114235104474,1707532114235105834,1707532114237211604,1707532114133608587,0,0,1707532114133968705,1707532114135214215,1707532114237548532
167772214,0,1707532114128934769,1707532114131547864,0,0,1707532114142044070,0,0,1707532114163746929,1707532114132158133,0,0,1707532114133057880,1707532114133071953,1707532114163771567,1707532114167532919,1707532114169864432,1707532114169872388,1707532114175377636,1707532114175388162,0,0,1707532114175481930,1707532114175495414,0,0,1707532114175685812,1707532114175763380,1707532114175955131,1707532114176369449,1707532114177303538,1707532114177304255,1707532114180356653,1707532114133397182,0,0,1707532114134953298,1707532114137527833,1707532114180621755
167772215,0,1707532114134112603,1707532114135127004,0,0,1707532114147244774,0,0,1707532114170666435,1707532114137411114,0,0,1707532114138491260,1707532114138515122,1707532114170689494,1707532114174124339,1707532114175174079,1707532114175178903,1707532114179054664,1707532114179064727,0,0,1707532114179645955,1707532114179661614,0,0,1707532114179938072,1707532114180073350,1707532114180269800,1707532114180765906,1707532114181919909,1707532114181921048,1707532114183466528,1707532114138518193,0,0,1707532114138700102,1707532114139846053,1707532114183929468
167772216,0,1707532114134325808,1707532114135409623,0,0,1707532114183940043,0,0,1707532114193871026,1707532114136061306,0,0,1707532114137083332,1707532114137107052,1707532114193883826,1707532114197002816,1707532114199160689,1707532114199167165,1707532114206215081,1707532114206227118,0,0,1707532114206314223,1707532114206322404,0,0,1707532114206415047,1707532114206484235,1707532114206642397,1707532114207811779,1707532114208861709,1707532114208862491,1707532114210891176,1707532114137109937,0,0,1707532114137847172,1707532114139075655,1707532114211244001
167772217,0,1707532114139705295,1707532114141134390,0,0,1707532114237726118,0,0,1707532114241519841,1707532114141951282,0,0,1707532114142241314,1707532114142255741,1707532114241535043,1707532114244671231,1707532114245672178,1707532114245674839,1707532114255905467,1707532114255913210,0,0,1707532114255962169,1707532114255970183,0,0,1707532114256043870,1707532114256107922,1707532114256249286,1707532114256703617,1707532114257541674,1707532114257542374,1707532114258861099,1707532114142258772,0,0,1707532114142497040,1707532114144846405,1707532114259198597
167772218,0,1707532114138180991,1707532114139306838,0,0,1707532114185238375,0,0,1707532114194616095,1707532114140527599,0,0,1707532114141805256,1707532114141827572,1707532114194630181,1707532114197744095,1707532114199204145,1707532114199209712,1707532114207808981,1707532114207818701,0,0,1707532114207900778,1707532114207912302,0,0,1707532114208050334,1707532114208184182,1707532114208352573,1707532114208896994,1707532114209930998,1707532114209931860,1707532114211495910,1707532114141830843,0,0,1707532114142752072,1707532114144536318,1707532114211826630
167772219,0,1707532114133452687,1707532114134477725,0,0,1707532114201898744,0,0,1707532114211546095,1707532114134980674,0,0,1707532114137353064,1707532114137369639,1707532114211556375,1707532114214654278,1707532114216447301,1707532114216455573,1707532114229584300,1707532114229591407,0,0,1707532114229660730,1707532114229672532,0,0,1707532114229824576,1707532114229917193,1707532114230048079,1707532114231702766,1707532114232733139,1707532114232734075,1707532114235870490,1707532114137372766,0,0,1707532114138550954,1707532114139954961,1707532114236174774
167772220,0,1707532114139705187,1707532114143454947,0,0,1707532114231958373,0,0,1707532114237245676,1707532114144109216,0,0,1707532114144717981,1707532114144736526,1707532114237261471,1707532114240406659,1707532114241332841,1707532114241337048,1707532114253368154,1707532114253377139,0,0,1707532114253457275,1707532114253464270,0,0,1707532114253536203,1707532114253592592,1707532114253741746,1707532114254998628,1707532114255876522,1707532114255877336,1707532114257118935,1707532114144739397,0,0,1707532114144966619,1707532114146533725,1707532114257409989
167772221,0,1707532114139729499,1707532114141159807,0,0,1707532114215715583,0,0,1707532114227397927,1707532114141505245,0,0,1707532114141896563,1707532114141908777,1707532114227410492,1707532114230511145,1707532114232617422,1707532114232621056,1707532114244005237,1707532114244012904,0,0,1707532114244077181,1707532114244087922,0,0,1707532114244214983,1707532114244299297,1707532114244457117,1707532114246177053,1707532114247003907,1707532114247004552,1707532114249994741,1707532114141911418,0,0,1707532114142232838,1707532114143815332,1707532114250325860
167772222,0,1707532114151421705,1707532114153190758,0,0,1707532114235798562,0,0,1707532114239677253,1707532114156513721,0,0,1707532114158466051,1707532114158489730,1707532114239690758,1707532114242850130,1707532114243658238,1707532114243659734,1707532114254994543,1707532114255004379,0,0,1707532114255132105,1707532114255143283,0,0,1707532114255261852,1707532114255346215,1707532114255498951,1707532114255904742,1707532114256682066,1707532114256682587,1707532114257992699,1707532114158492956,0,0,1707532114159221916,1707532114160585323,1707532114258284987
167772223,0,1707532114143546492,1707532114144601305,0,0,1707532114164000692,0,0,1707532114185115014,1707532114145181260,0,0,1707532114145370656,1707532114145386602,1707532114185125599,1707532114188232176,1707532114189213577,1707532114189217779,1707532114190202878,1707532114190211554,0,0,1707532114190305284,1707532114190318014,0,0,1707532114190460962,1707532114190530921,1707532114190755224,1707532114191279882,1707532114192100716,1707532114192101879,1707532114193894704,1707532114145389707,0,0,1707532114145596051,1707532114147292655,1707532114194090985
167772224,0,1707532114144864999,1707532114146068281,0,0,1707532114240598170,0,0,1707532114244565957,1707532114146712724,0,0,1707532114147650894,1707532114147724797,1707532114244581295,1707532114247743568,1707532114248872457,1707532114248878838,1707532114256701246,1707532114256709193,0,0,1707532114256775345,1707532114256783287,0,0,1707532114256870851,1707532114256935707,1707532114257071529,1707532114257606287,1707532114258383924,1707532114258384570,1707532114259477191,1707532114147728302,0,0,1707532114149173523,1707532114150652661,1707532114259723327
167772225,0,1707532114146326916,1707532114153604818,0,0,1707532114245032201,0,0,1707532114250008204,1707532114158469428,0,0,1707532114158740790,1707532114158754026,1707532114250024321,1707532114253171512,1707532114254005454,1707532114254008133,1707532114257567163,1707532114257574303,0,0,1707532114257653389,1707532114257659626,0,0,1707532114257720573,1707532114257770240,1707532114257908990,1707532114258419936,1707532114259373660,1707532114259374562,1707532114260140270,1707532114158756636,0,0,1707532114159429444,1707532114161396918,1707532114260478564
167772226,0,1707532114151391473,1707532114152948360,0,0,1707532114250187419,0,0,1707532114255624664,1707532114155095864,0,0,1707532114158449617,1707532114158477099,1707532114255638902,1707532114258746598,1707532114259819841,1707532114259825473,1707532114261734792,1707532114261744886,0,0,1707532114261830372,1707532114261836672,0,0,1707532114261914276,1707532114261968969,1707532114262224222,1707532114262641305,1707532114263740399,1707532114263741614,1707532114263816812,1707532114158480449,0,0,1707532114159161209,1707532114160722773,1707532114264104448
167772227,0,1707532114148751151,1707532114149774199,0,0,1707532114248165958,0,0,1707532114253847644,1707532114150885100,0,0,1707532114152183910,1707532114152218073,1707532114253860896,1707532114257093707,1707532114259235208,1707532114259240120,1707532114259467724,1707532114259480071,0,0,1707532114259585517,1707532114259598001,0,0,1707532114259729154,1707532114259838628,1707532114260048178,1707532114261772115,1707532114262577502,1707532114262578215,1707532114263801730,1707532114152223922,0,0,1707532114152683691,1707532114156827813,1707532114264095018
167772228,0,1707532114151694696,1707532114156224967,0,0,1707532114253934044,0,0,1707532114257124566,1707532114157516623,0,0,1707532114158763533,1707532114158778826,1707532114257135702,1707532114260225616,1707532114261039869,1707532114261041396,1707532114262606374,1707532114262613938,0,0,1707532114262690063,1707532114262694995,0,0,1707532114262752976,1707532114262800623,1707532114262940514,1707532114263802880,1707532114264581374,1707532114264582075,1707532114264620638,1707532114158781708,0,0,1707532114161266966,1707532114163179165,1707532114264792980
167772229,0,1707532114151652381,1707532114153938161,0,0,1707532114208296987,0,0,1707532114216653396,1707532114158645328,0,0,1707532114158918986,1707532114158933529,1707532114216668934,1707532114219785773,1707532114221837201,1707532114221840778,1707532114235983845,1707532114235991541,0,0,1707532114236248901,1707532114236262792,0,0,1707532114236537647,1707532114236713082,1707532114237079795,1707532114237274967,1707532114238841885,1707532114238843262,1707532114240419136,1707532114158936474,0,0,1707532114160990375,1707532114162261732,1707532114240695297
167772230,0,1707532114162036364,1707532114163946978,0,0,1707532114223424541,0,0,1707532114232466561,1707532114164584725,0,0,1707532114165229346,1707532114165250609,1707532114232479514,1707532114235603857,1707532114237129628,1707532114237134881,1707532114249182122,1707532114249198245,0,0,1707532114249324440,1707532114249337417,0,0,1707532114249529175,1707532114249667080,1707532114249914333,1707532114250084746,1707532114251502770,1707532114251504586,1707532114253864375,1707532114165254116,0,0,1707532114165641896,1707532114167391243,1707532114254057085
167772231,0,1707532114152928134,1707532114156618470,0,0,1707532114178160658,0,0,1707532114189999462,1707532114158440881,0,0,1707532114158782211,1707532114158797495,1707532114190010791,1707532114193151650,1707532114194570194,1707532114194576584,1707532114201396259,1707532114201408600,0,0,1707532114201491210,1707532114201501384,0,0,1707532114201608700,1707532114201695955,1707532114201840489,1707532114202424644,1707532114203412580,1707532114203413949,1707532114204876619,1707532114158800811,0,0,1707532114160611175,1707532114164136903,1707532114205084023
167772232,0,1707532114151391396,1707532114153251901,0,0,1707532114166783968,0,0,1707532114185230134,1707532114153686391,0,0,1707532114154561777,1707532114154586606,1707532114185242176,1707532114188336297,1707532114189315028,1707532114189318530,1707532114191258421,1707532114191267819,0,0,1707532114191366627,1707532114191379517,0,0,1707532114191589737,1707532114191722104,1707532114191884278,1707532114192138999,1707532114193060414,1707532114193061624,1707532114194630980,1707532114154590696,0,0,1707532114158609564,1707532114160041944,1707532114194826311
167772233,0,1707532114164296300,1707532114166002482,0,0,1707532114194590320,0,0,1707532114203282994,1707532114166505415,0,0,1707532114166743339,1707532114166761650,1707532114203296054,1707532114206593509,1707532114207737807,1707532114207741769,1707532114217946712,1707532114217957050,0,0,1707532114218072456,1707532114218085923,0,0,1707532114218277034,1707532114218432712,1707532114218746483,1707532114219562797,1707532114221595087,1707532114221595931,1707532114224290405,1707532114166764484,0,0,1707532114167036346,1707532114168615843,1707532114224608773
167772234,0,1707532114156006382,1707532114157244663,0,0,1707532114169836102,0,0,1707532114185463842,1707532114158312605,0,0,1707532114158777397,1707532114158793618,1707532114185475232,1707532114189113648,1707532114190163918,1707532114190167781,1707532114193937475,1707532114193947061,0,0,1707532114194060218,1707532114194073395,0,0,1707532114194234198,1707532114194337931,1707532114194491673,1707532114194812502,1707532114195885109,1707532114195886757,1707532114197809839,1707532114158796953,0,0,1707532114159577616,1707532114160781978,1707532114198044364
167772235,0,1707532114158197695,1707532114159489843,0,0,1707532114191879289,0,0,1707532114203267502,1707532114160261664,0,0,1707532114161438341,1707532114161458963,1707532114203280028,1707532114206446444,1707532114207411888,1707532114207415772,1707532114215777338,1707532114215786646,0,0,1707532114215889932,1707532114215904600,0,0,1707532114216203322,1707532114216362318,1707532114216525886,1707532114217977191,1707532114219519836,1707532114219521088,1707532114222408880,1707532114161461913,0,0,1707532114161972628,1707532114163843753,1707532114222724605
167772236,0,1707532114159381461,1707532114161073352,0,0,1707532114224537155,0,0,1707532114233473074,1707532114161585050,0,0,1707532114162097279,1707532114162114900,1707532114233492629,1707532114236613307,1707532114237557964,1707532114237559814,1707532114250085064,1707532114250094311,0,0,1707532114250183380,1707532114250195403,0,0,1707532114250410686,1707532114250574391,1707532114250871957,1707532114251587718,1707532114253337006,1707532114253338282,1707532114255559805,1707532114162117642,0,0,1707532114162295790,1707532114163484117,1707532114255748110
167772237,0,1707532114162374908,1707532114163947000,0,0,1707532114258436401,0,0,1707532114260117483,1707532114165176462,0,0,1707532114165371177,1707532114165386609,1707532114260131060,1707532114263259499,1707532114265246852,1707532114265250005,1707532114265380343,1707532114265389165,0,0,1707532114265475808,1707532114265481525,0,0,1707532114265551163,1707532114265600110,1707532114265748502,1707532114265767821,1707532114266538213,1707532114266538809,1707532114266757950,1707532114165389843,0,0,1707532114165601206,1707532114167487695,1707532114266930859
167772238,0,1707532114155829731,1707532114157107323,0,0,1707532114211726535,0,0,1707532114222432883,1707532114157936995,0,0,1707532114158682018,1707532114158693511,1707532114222444475,1707532114225552795,1707532114227734012,1707532114227739601,1707532114239831227,1707532114239837987,0,0,1707532114239909429,1707532114239921297,0,0,1707532114240073274,1707532114240157397,1707532114240338097,1707532114240811939,1707532114243151636,1707532114243153089,1707532114244518964,1707532114158695409,0,0,1707532114159241377,1707532114161022158,1707532114244824186
167772239,0,1707532114166901432,1707532114168201014,0,0,1707532114247680455,0,0,1707532114252346809,1707532114168723348,0,0,1707532114170483493,1707532114170505735,1707532114252359969,1707532114255523424,1707532114256966250,1707532114256972356,1707532114258404821,1707532114258412122,0,0,1707532114258497044,1707532114258502002,0,0,1707532114258567003,1707532114258611046,1707532114258789428,1707532114259414347,1707532114261696921,1707532114261698017,1707532114263011081,1707532114170509403,0,0,1707532114171368140,1707532114173242216,1707532114263207214
167772240,0,1707532114168403165,1707532114169426869,0,0,1707532114221777678,0,0,1707532114230164586,1707532114170247349,0,0,1707532114171093090,1707532114171111304,1707532114230173954,1707532114233251653,1707532114234356603,1707532114234358887,1707532114247029142,1707532114247036791,0,0,1707532114247100854,1707532114247111374,0,0,1707532114247237038,1707532114247315430,1707532114247461488,1707532114249219252,1707532114250052707,1707532114250053960,1707532114252328559,1707532114171115026,0,0,1707532114172099382,1707532114173734293,1707532114252531719
167772241,0,1707532114169816749,1707532114170987247,0,0,1707532114195805610,0,0,1707532114204892288,1707532114171815259,0,0,1707532114172111954,1707532114172128769,1707532114204904217,1707532114208086776,1707532114209009983,1707532114209012834,1707532114221625093,1707532114221636305,0,0,1707532114221724942,1707532114221736277,0,0,1707532114221889276,1707532114221991292,1707532114222288964,1707532114223395531,1707532114225573282,1707532114225574698,1707532114227395115,1707532114172132164,0,0,1707532114172298898,1707532114173544245,1707532114227708217
167772242,0,1707532114172742226,1707532114173674030,0,0,1707532114200208062,0,0,1707532114208586397,1707532114174270911,0,0,1707532114174481530,1707532114174507027,1707532114208601822,1707532114211726727,1707532114213100136,1707532114213104058,1707532114225618234,1707532114225630685,0,0,1707532114225816135,1707532114225830792,0,0,1707532114226063384,1707532114226213329,1707532114226544944,1707532114226672767,1707532114228723833,1707532114228724918,1707532114230144398,1707532114174510502,0,0,1707532114174835977,1707532114175682252,1707532114230332595
167772243,0,1707532114172851589,1707532114174308228,0,0,1707532114209835036,0,0,1707532114220380876,1707532114175104017,0,0,1707532114175224414,1707532114175237896,1707532114220394275,1707532114223521034,1707532114224458836,1707532114224462246,1707532114238882858,1707532114238893549,0,0,1707532114239063088,1707532114239080244,0,0,1707532114239283007,1707532114239450170,1707532114239598909,1707532114239830145,1707532114240725086,1707532114240726243,1707532114243929236,1707532114175241328,0,0,1707532114175577479,1707532114176892084,1707532114244123362
167772244,0,1707532114177172572,1707532114177872578,0,0,1707532114209140840,0,0,1707532114218886321,1707532114178299957,0,0,1707532114178437450,1707532114178461854,1707532114218899509,1707532114222007141,1707532114222929053,1707532114222933002,1707532114237266046,1707532114237276728,0,0,1707532114237398118,1707532114237409274,0,0,1707532114237577676,1707532114237695891,1707532114237860493,1707532114238924401,1707532114239801671,1707532114239802627,1707532114241504122,1707532114178465033,0,0,1707532114178798932,1707532114180188034,1707532114241925016
167772245,0,1707532114172519626,1707532114173497992,0,0,1707532114214965728,0,0,1707532114226692932,1707532114174141541,0,0,1707532114174496000,1707532114174510131,1707532114226703571,1707532114229788859,1707532114230601290,1707532114230602621,1707532114243195084,1707532114243206910,0,0,1707532114243296454,1707532114243307920,0,0,1707532114243441857,1707532114243572496,1707532114243832417,1707532114244010734,1707532114246070491,1707532114246072189,1707532114247544132,1707532114174512122,0,0,1707532114174818146,1707532114175674492,1707532114247851672
